wrist:-1:0.9205236434936523:-0.1684776246547699:0.3524934947490692:0.0:-0.11152654886245728:-0.9780153036117554:-0.1762043535709381:0.0:0.374430388212204:0.12288789451122284:-0.9190759062767029:0.0:0.0:0.0:0.0:1.0:0.9205235242843628:-0.11152653396129608:0.37443047761917114:-0.0:-0.1684776097536087:-0.9780153036117554:0.12288787961006165:0.0:0.35249337553977966:-0.17620433866977692:-0.9190757870674133:-0.0:-0.0:0.0:-0.0:1.0
thumb1:0:0.6583698987960815:0.5094536542892456:-0.5540811419487:7.450580430390374e-11:0.548811674118042:-0.8286978006362915:-0.1098436638712883:0.003628205507993698:-0.5151260495185852:-0.2317684143781662:-0.8251838088035583:0.0:0.0:0.0:0.0:1.0:0.3320039212703705:-0.5194042921066284:0.7873960733413696:-0.0019912011921405792:0.5268846154212952:0.7945003509521484:0.3019309341907501:0.0030066869221627712:-0.7824105024337769:0.3146243691444397:0.5374433398246765:0.00039853493217378855:-0.0:0.0:-0.0:1.0
thumb2:1:0.9463852047920227:-0.0019011683762073517:-0.32303476333618164:-1.9371508841459217e-09:0.15246835350990295:0.8842231035232544:0.4414779543876648:0.035285357385873795:0.28479552268981934:-0.4670608341693878:0.8371056318283081:-8.940696516468449e-10:0.0:0.0:0.0:1.0:0.17170991003513336:-0.28081679344177246:0.9442762732505798:-0.006692417431622744:0.8306856155395508:0.5565543174743652:0.014458643272519112:-0.028723904862999916:-0.5296010375022888:0.7819139361381531:0.3288363516330719:-0.013273479416966438:-0.0:0.0:-0.0:1.0
thumb3:2:0.9768162369728088:-0.16094371676445007:-0.14116328954696655:-1.19209286886246e-09:0.14163677394390106:0.98031085729599:-0.13758374750614166:0.038056597113609314:0.16052713990211487:0.11440019309520721:0.9803792834281921:9.834765890559538e-09:0.0:0.0:0.0:1.0:0.20036932826042175:-0.06995943188667297:0.9772195219993591:-0.0181265939027071:0.7261083126068115:0.6802430748939514:-0.100182443857193:-0.0659070611000061:-0.6577379107475281:0.7296403050422668:0.18709796667099:-0.00288041727617383:-0.0:0.0:-0.0:1.0
thumb4:3:0.9968672394752502:-0.07193074375391006:0.032888900488615036:-1.7881393032936899e-09:0.07155107706785202:0.9973574876785278:0.012580273672938347:0.04199063032865524:-0.03370688855648041:-0.010187700390815735:0.9993798136711121:-4.4703482582342247e-10:0.0:0.0:0.0:1.0:0.27386578917503357:-0.04566206410527229:0.9606835246086121:-0.025692913681268692:0.7164778113365173:0.6760447025299072:-0.17211595177650452:-0.1062794029712677:-0.6416054964065552:0.7354447841644287:0.21786127984523773:-0.004832184407860041:-0.0:0.0:-0.0:1.0
index1:0:0.9156719446182251:0.14837013185024261:0.37353822588920593:7.450580430390374e-11:0.10956025123596191:-0.9863159656524658:0.12319641560316086:0.003628205507993698:0.3867056369781494:-0.07188259065151215:-0.919397234916687:0.0:0.0:0.0:0.0:1.0:0.9607505202293396:-0.2774125039577484:0.0009074962581507862:-0.000397507130401209:0.2774122953414917:0.9607508182525635:0.00041360605973750353:0.0035785569343715906:-0.0009863129816949368:-0.00014565326273441315:0.9999997019767761:-0.00044698218698613346:-0.0:0.0:-0.0:1.0
index2:5:0.9805724024772644:0.19609548151493073:-0.004934125579893589:-1.6477132991354893e-09:-0.19611774384975433:0.9805698990821838:-0.004530526697635651:0.10898979008197784:0.0039498405531048775:0.00541017996147275:0.9999775290489197:2.9103830456733704e-11:0.0:0.0:0.0:1.0:0.8876761198043823:-0.4604439437389374:0.004758588504046202:0.020281469449400902:0.4604156017303467:0.8876832127571106:0.005993702914565802:-0.103443443775177:-0.006983580999076366:-0.003129569347947836:0.9999709725379944:3.2557640224695206e-05:-0.0:0.0:-0.0:1.0
index3:6:0.9990891814231873:0.04236631095409393:0.005089920945465565:1.883599942686942e-09:-0.042410995811223984:0.9990596771240234:0.009010030888020992:0.03234409913420677:-0.0047034090384840965:-0.00921769067645073:0.9999463558197021:-7.683410851999639e-11:0.0:0.0:0.0:1.0:0.8673737049102783:-0.49765729904174805:-0.0002032210468314588:0.026021713390946388:0.49765458703041077:0.8673698306083679:-0.0030277548357844353:-0.13480088114738464:0.0016833489062264562:0.002525026910007:0.999995768070221:-0.0010876626474782825:-0.0:0.0:-0.0:1.0
index4:7:0.999750018119812:0.022358322516083717:3.0274575692601502e-05:-1.5731529967588642e-10:-0.022355183959007263:0.9995843172073364:0.01821281760931015:0.028275057673454285:0.0003769324393942952:-0.0182089414447546:0.9998341798782349:-5.587935322792781e-11:0.0:0.0:0.0:1.0:0.8560324907302856:-0.5169221758842468:0.0002414603077340871:0.029660401865839958:0.5168099403381348:0.8558362722396851:-0.02123989909887314:-0.16240648925304413:0.01077303010970354:0.018306778743863106:0.999774694442749:-0.0040567656978964806:-0.0:0.0:-0.0:1.0
middle1:0:0.9260880351066589:-0.04630468413233757:0.37445563077926636:7.450580430390374e-11:-0.09915236383676529:-0.9874266982078552:0.12311563640832901:0.003628205507993698:0.36404672265052795:-0.15114407241344452:-0.9190350770950317:0.0:0.0:0.0:0.0:1.0:0.9975144863128662:-0.07045740634202957:-1.55433954205364e-05:0.00035974502679891884:0.07045745104551315:0.997514545917511:0.00023221941955853254:0.003582586068660021:-7.179274916779832e-07:-0.00023273253464139998:0.9999998807907104:-0.0004466887912712991:-0.0:0.0:-0.0:1.0
middle2:9:0.9989456534385681:0.04564268887042999:0.004937474615871906:-4.95634817909707e-11:-0.04583526402711868:0.9976490139961243:0.050947483628988266:0.1073712632060051:-0.0026004635728895664:-0.051120076328516006:0.9986891746520996:3.811464685532506e-11:0.0:0.0:0.0:1.0:0.993233323097229:-0.11610386520624161:-0.002626656787469983:0.005117708817124367:0.11582110077142715:0.9919654130935669:-0.05088910460472107:-0.10350541025400162:0.008514093235135078:0.05024055019021034:0.9987007975578308:-0.005732099059969187:-0.0:0.0:-0.0:1.0
middle3:10:0.9995884895324707:0.02856142446398735:-0.0026660833973437548:5.555921278599385e-10:-0.028665713965892792:0.9980314373970032:-0.05578023940324783:0.03411087766289711:0.0010676837991923094:0.05583370849490166:0.9984394907951355:2.421438605182402e-10:0.0:0.0:0.0:1.0:0.9895135760307312:-0.14443786442279816:-0.00010051760909846053:0.009054351598024368:0.14443665742874146:0.9895018935203552:0.004897219594568014:-0.13751928508281708:-0.0006077762227505445:-0.004860375076532364:0.9999880790710449:0.001939471228979528:-0.0:0.0:-0.0:1.0
middle4:11:0.9989896416664124:-0.04492201656103134:-0.0013558778446167707:-3.813702242894124e-09:0.04494118317961693:0.9987348914146423:0.02256058342754841:0.029941830784082413:0.00034067645901814103:-0.022598721086978912:0.9997445940971375:2.9103828722010228e-12:0.0:0.0:0.0:1.0:0.9950045943260193:-0.09982416033744812:0.0004603622655849904:0.001519966870546341:0.0998167023062706:0.9948481917381287:-0.01770290918648243:-0.16769981384277344:0.0013093132292851806:0.017660440877079964:0.9998431205749512:-0.0018513210816308856:-0.0:0.0:-0.0:1.0
ring1:0:0.8889668583869934:-0.267085462808609:0.37202566862106323:7.450580430390374e-11:-0.3302887976169586:-0.9366239309310913:0.11681258678436279:0.003628205507993698:0.31724902987480164:-0.2267184853553772:-0.9208427667617798:0.0:0.0:0.0:0.0:1.0:0.9857895374298096:0.16798342764377594:0.0006917369901202619:0.0011983556905761361:-0.1679750233888626:0.9857679009437561:-0.00673314742743969:0.0033982624299824238:-0.0018129898235201836:0.006521280854940414:0.9999771118164062:-0.0004238201945554465:-0.0:-0.0:-0.0:1.0
ring2:13:0.9876787066459656:-0.15644675493240356:-0.003913908265531063:1.224725598714116e-10:0.1564825028181076:0.9876112937927246:0.011710351333022118:0.10859718918800354:0.002033371478319168:-0.012178524397313595:0.9999237656593323:1.1641531488804091e-11:0.0:0.0:0.0:1.0:0.9473543763160706:0.32018235325813293:0.0016629209276288748:-0.01527906022965908:-0.3200955390930176:0.9471957683563232:-0.018936198204755783:-0.10407795757055283:-0.007638186682015657:0.0174070056527853:0.9998194575309753:-0.0016603948315605521:-0.0:-0.0:-0.0:1.0
ring3:14:0.9994715452194214:-0.03243488073348999:0.0021328208968043327:7.332709994756215e-10:0.032450638711452484:0.9994429349899292:-0.007805581670254469:0.02825337089598179:-0.001878466922789812:0.007870669476687908:0.9999671578407288:-1.8626450382086546e-10:0.0:0.0:0.0:1.0:0.9364808797836304:0.3507175147533417:-0.000830569420941174:-0.019562095403671265:-0.3507046103477478:0.9364198446273804:-0.011110336519777775:-0.13177508115768433:-0.00311886053532362:0.01069591660052538:0.9999381899833679:-0.0006600047927349806:-0.0:0.0:-0.0:1.0
ring4:15:0.9999964833259583:-0.002194107510149479:-0.001503176405094564:2.439483060001635e-09:0.0022619804367423058:0.9989043474197388:0.046746376901865005:0.022544240579009056:0.0013989637373015285:-0.04674961045384407:0.9989055395126343:1.490116086078075e-10:0.0:0.0:0.0:1.0:0.9356798529624939:0.35284939408302307:0.0005431789322756231:-0.01991201750934124:-0.3522292375564575:0.9341241121292114:-0.05784306675195694:-0.15407642722129822:-0.020917316898703575:0.05393126234412193:0.9983259439468384:-0.007843746803700924:-0.0:-0.0:-0.0:1.0
pinky1:0:0.8128832578659058:-0.4039934277534485:0.41953548789024353:7.450580430390374e-11:-0.5053189992904663:-0.8473770022392273:0.16310986876487732:0.003628205507993698:0.2896096706390381:-0.3445884585380554:-0.8929643034934998:0.0:0.0:0.0:0.0:1.0:0.9354983568191528:0.35252097249031067:-0.023902297019958496:0.0018334001069888473:-0.3505866527557373:0.9345217347145081:0.06130306422710419:0.0030744585674256086:0.0439482107758522:-0.048969075083732605:0.9978328347206116:-0.0005917958333157003:-0.0:0.0:-0.0:1.0
pinky2:17:0.8308551907539368:-0.556334376335144:-0.013092453591525555:1.6950070236276815e-09:0.5563158392906189:0.8297816514968872:0.04444314166903496:0.1046757847070694:-0.013861371204257011:-0.044209353625774384:0.9989262223243713:7.450580430390374e-11:0.0:0.0:0.0:1.0:0.5816178321838379:0.8134621381759644:0.00041318120202049613:-0.05499093607068062:-0.8133034110069275:0.5814942717552185:0.020052282139658928:-0.08530072122812271:0.016071880236268044:-0.011998776346445084:0.9997987151145935:-0.00513064581900835:-0.0:0.0:-0.0:1.0
pinky3:18:0.9981788992881775:0.06027073413133621:-0.002563593676313758:-4.091416538898329e-09:-0.06015810742974281:0.9913554787635803:-0.11659947037696838:0.02187417633831501:-0.004486088640987873:0.11654132604598999:0.993175745010376:-5.21540644005114e-10:0.0:0.0:0.0:1.0:0.6294131875038147:0.7770527005195618:-0.0052790772169828415:-0.048420313745737076:-0.7693451046943665:0.6240969300270081:0.13642169535160065:-0.11016067862510681:0.10930188745260239:-0.08180417865514755:0.9906365871429443:0.007541876286268234:-0.0:0.0:-0.0:1.0
pinky4:19:0.9978939294815063:0.06270129978656769:-0.016622018069028854:-4.7916546286330686e-09:-0.06404736638069153:0.9929941296577454:-0.09929962456226349:0.017919939011335373:0.010279330424964428:0.1001550704240799:0.9949186444282532:-1.19209286886246e-09:0.0:0.0:0.0:1.0:0.6784857511520386:0.7346034049987793:-0.0038223108276724815:-0.04003756493330002:-0.7135432362556458:0.6602537035942078:0.23435229063034058:-0.12946397066116333:0.17468008399009705:-0.15627726912498474:0.9721441268920898:0.021026751026511192:-0.0:0.0:-0.0:1.0
forearm:0:-0.9527995586395264:0.09495650231838226:0.2883681356906891:7.450580430390374e-11:0.1363903284072876:0.9824634790420532:0.12713387608528137:0.003628205507993698:-0.2712389826774597:0.16046370565891266:-0.949042022228241:0.0:0.0:0.0:0.0:1.0:-0.9956631660461426:0.02066408097743988:-0.09070727974176407:-0.0004948521382175386:-0.021551020443439484:-0.9997290372848511:0.008809125050902367:-0.003564580110833049:-0.09050054103136063:0.01072576455771923:0.9958385825157166:-0.0004612678021658212:-0.0:0.0:-0.0:1.0
